A_long = [-0.7475 -0.2987 0.87 -9.734 -0.0001677; -2.005 -5.782 9.65 1.19 -0.0009366; -0.2089 -1.708 -20.32 0 -1.166e-10; 0 0 1 0 0; 0.1214 0.9926 0 -15.11 0];

B_long = [5.62 0; 0 0; 0 163.1; 0 0; 0 0];

C_long = [1 0 0 0 0; 0 1 0 0 0; 0 0 1 0 0; 0 0 0 1 0; 0 0 0 0 -1];

D_long = zeros(5,2);

A_lat = [-0.3414 -1.658 -14.75 9.734 0; -1.298 -28.3 7.924 0 0; 0.9711 -2.081 -1.556 0 0; 0 1 -0.1223 0 0; 0 0 1.007 0 0];

B_lat = [0 0.0378; 3.296 0.0085; 0.171 -0.2389; 0 0; 0 0];

C_lat = [0.0662 0 0 0 0; 0 1 0 0 0; 0 0 1 0 0; 0 0 0 1 0; 0 0 0 0 1];

D_lat = zeros(5,2);

% Equilibrio das SAIDAS (y = C*x), nao dos estados.
% C_long(5,:) = [0 0 0 0 -1], entao y5 = -xD = +100 (altitude positiva).
Xe_long = [15,-1.8343,0,-0.1217,100];
Xe_lat = [0,0,0,0,0];